1409353 749 
1828124 369 
1828110 369 
1616503 599 
1588851 359 
1723515 619 
1736530 718 
1545759 750 
1710742 648 
1710746 648 
1778465 1450
1877290 580 
1601320 399 
1865925 739 
1860953 1010
1602246 630 
1601070 780 
1601074 399 
1868415 739 
1597665 540 
1574081 1080
1808919 799 
1826482 829 
1851326 870 
1846274 939 
1709309 849 
1614797 610 
1797409 239 
1797412 239 
1797383 359 
1770708 580 
1796487 780 
1696677 320
1543966 670
1612770 499
1795869 860
1861367 530
1865934 810
1865931 420
1865923 799
1824481 840
1794026 680
1794043 610
1795867 799
1808659 730
1807996 1180
1807995 1250
1807995 1489
1808002 1080
1808500 780
1512327 1180
1808501 359
1574998 560
1635688 610
1574983 780
1495202 760
1765492 239
1870240 759
1765495 239
1765479 369
1680540 359
1588175 329
1588174 299
1588163 399
1868401 320
1826689 670
1856530 470
1857318 470
1856526 470
1709087 299
1754786 399
1754783 399
1754785 399
1765977 1380
1757472 299
1757474 320
1757472 320
1847099 840
1753352 1150
1883834 399
1034251 499
1883803 340
1883788 459
1883098 380
1543774 199
1882295 280
1845856 270
1825859 410
1825857 410
1850729 1160
1892679 740
1883994 680
1883959 480
1883712 1240
1883722 1270
1883717 2790
1883724 1900
1883710 1260
1871317 860
1870564 640
1870545 980
1636022 590
1891851 340
1891838 360
1891860 360
1807373 300
1770706 220
1635530 260
1571496 340
1543780 499
1765912 368
1406186 639
1664443 600
1823433 699
1823554 780
1825819 999
1823385 369
1823374 670
1828258 550
1900581 320
1168206 300
1712144 499
1750254 799
1726390 300
1664451 499
1572209 838
1765492 239
1002265 378
1828075 370
1828071 545
1243348 335
1679206 525
1499486 320
1750481 899
1828076 330
1750490 360
1679212 640
1572166 270
1583215 479
1583213 479
1794049 730
1821549 259
1709931 1850
1709309 860
1588090 1850
1571921 1080
1299753 310
1299736 370
1299736 550
1664442 550
1754236 170
1754236 560
1897918 800
1897918 700
1897918 1850
1897940 1660
1897923 1900
1897920 1900
1897929 1850
1897939 1850
1897925 1850
1897916 628
1897951 825
1734320 399
1226159 615
1897928 1850
1897473 745
1870506 1170
1908721 699
1896034 1180
1543901 870
1855526 838
1900938 300
1827922 1080
1765495 239
1574036 329
1847105 660
1827300 540
1547101 899
1894993 890
1710093 1160
1823073 730
1896164 740
1898130 899
1857175 760
1755975 2890
1895173 410
1711094 470
1824281 870
1908735 430
1643396 738
1783494 860
1617140 899
1828066 399
1243337 320
1828072 390
103891 570
1891691 638
1891709 400
1480656 850
1908952 500
1908951 450
1908966 1150
1908949 470
1908965 460
1768494 1380
1768497 1380
1908967 828
1436955 479
1768322 390
1572500 470
1513257 399
1912674 369
1807215 369
1870517 478
1896047 680
1918236 845
1915958 830
1915903 700
1908973 520
1809783 420
1880878 450
1894975 499
1828396 499
1807215 379
1870517 478
1883826 450
1618667 538
1618665 538
1828392 499
1706648 499
1882899 459
1882906 459
1882903 459
1912674 369
1912675 369
1513257 399
1911772 440
1911772 499
1366787 499
1856342 950
1366766 620
1861665 475
1891713 499
1915291 550
1694554 899
1711604 899
1326077 359
1721034 469
1914060 369
1914068 380
1901704 540
1764521 369
1447670 359
1926405 799
1917497 650
1915913 610
1826349 359
1826345 359
1915421 1850
1915415 2180
1915427 499
1915423 1160
1915414 2260
1915413 1850
